       1      1.000000      1.000726      0.999274     -0.009031     -0.008026     -0.010036       3     -0.008093
       2      1.000000      1.000726      0.999274      0.218906      0.243271      0.194542       3      0.196174
       3      1.030000      1.030748      1.029252      0.196643      0.218530      0.174757       2      0.176223
       4      1.000000      1.000726      0.999274     -0.120277     -0.106890     -0.133664       3     -0.107787
       5      1.030000      1.030748      1.029252      0.297081      0.330147      0.264016       2      0.266231
       6      1.000000      1.000726      0.999274     -0.170805     -0.151794     -0.189816       3     -0.153068
       7      1.000000      1.000726      0.999274      0.019959      0.022180      0.017738       3      0.017886
       8      1.000000      1.000726      0.999274      0.038782      0.043098      0.034465       3      0.034754
       9      1.000000      1.000726      0.999274     -0.054289     -0.048247     -0.060332       3     -0.048652
      10      1.033000      1.033750      1.032250     -0.093984     -0.083524     -0.104445       2     -0.084224
      11      1.040000      1.040755      1.039245      0.000000      0.000000      0.000000       1      0.000000
      12      1.000000      1.000726      0.999274     -0.035104     -0.031197     -0.039012       3     -0.031459
      13      1.000000      1.000726      0.999274     -0.176743     -0.157071     -0.196414       3     -0.158389
      14      1.000000      1.000726      0.999274      0.158015      0.175603      0.140428       3      0.141606
      15      1.000000      1.000726      0.999274     -0.040370     -0.035876     -0.044863       3     -0.036177
      16      1.000000      1.000726      0.999274      0.368940      0.410003      0.327876       3      0.330627
      17      1.000000      1.000726      0.999274     -0.074033     -0.065793     -0.082272       3     -0.066345
      18      1.000000      1.000726      0.999274     -0.225217     -0.200150     -0.250284       3     -0.201829
      19      1.000000      1.000726      0.999274     -0.020501     -0.018219     -0.022782       3     -0.018372
      20      1.000000      1.000726      0.999274      0.443445      0.492801      0.394089       3      0.397396
      21      1.000000      1.000726      0.999274     -0.163722     -0.145499     -0.181944       3     -0.146720
      22      1.000000      1.000726      0.999274     -0.069378     -0.061656     -0.077100       3     -0.062173
      23      1.000000      1.000726      0.999274      0.115881      0.128779      0.102983       3      0.103847
      24      1.030000      1.030748      1.029252      0.053729      0.059709      0.047749       2      0.048150
      25      1.000000      1.000726      0.999274     -0.077987     -0.069307     -0.086667       3     -0.069888
      26      1.030000      1.030748      1.029252      0.000000      0.000000      0.000000       2     -0.480196
      27      1.000000      1.000726      0.999274      0.004398      0.004888      0.003909       3      0.003942
      28      1.000000      1.000726      0.999274      0.029257      0.032514      0.026001       3      0.026219
      29      1.030000      1.030748      1.029252      0.000000      0.000000      0.000000       2     -0.580538
      30      1.000000      1.000726      0.999274      0.048970      0.054420      0.043519       3      0.043884
      31      1.000000      1.000726      0.999274      0.217207      0.241382      0.193032       3      0.194651
      32      1.000000      1.000726      0.999274     -0.030837     -0.027405     -0.034269       3     -0.027635
      33      1.000000      1.000726      0.999274      0.297915      0.331073      0.264756       3      0.266978
      34      1.000000      1.000726      0.999274      0.178980      0.198901      0.159059       3      0.160394
      35      1.000000      1.000726      0.999274     -0.036621     -0.032545     -0.040697       3     -0.032818
      36      1.000000      1.000726      0.999274     -0.058419     -0.051917     -0.064921       3     -0.052352
      37      1.000000      1.000726      0.999274      0.196191      0.218028      0.174355       3      0.175818
      38      1.000000      1.000726      0.999274     -0.223933     -0.199009     -0.248857       3     -0.200679
      39      1.030000      1.030748      1.029252     -0.019402     -0.017242     -0.021561       2     -0.017387
